Best: 0.02061523124575615 
Worst: 0.10381665825843811
